 46 46 1 55

  1  1  1  1  2  3  2  3  3  3  3  2  2  3  3  3  2  2  3  3  3  2  2  3  3  3  3  2  1  3  2  2  2  3  3  3  2  2  2  3  3  2  2  3  3  4
  2  1  2  3  3  8  2  2  3  3  3  2  2  3  3  3  2  2  3  3  3  2  2  3  3  3  2  2 17  3  3  2  2  3  3  3  2  2  2  3  3  2  2  3  3  4
  3  1  2  3 10  3  7  9  3  3 21 21  2  3  3  3  2  2  3  3  3  2  2 17  3  3  2  2 21  3  3  2  2  3  3  8  9  2  8  3  3  4  2  3  3  4
  3  2  2  1  3  3  2  2  6  7 19 21  2  3  3  3  2  2  3  3  3  2  2 15  3  3  2  2 19  3  6  2  2  3  2  3  7  3  8  2  6  2  3  3  3  4
  4  2  8  3  3  3  2  2 20 12  7  2  2  3  4  4  2  2  3  3  3  3  2 17  3  5  3  2 21  6 28  2  2  3  3  3 16  3  9  2  7  2  3  3  3  4
  4  2  3  3  3  3  2  2  2 20  2  2  2  3  3  4  2  2  3  3  3  2  2 17  3  3  3  2  2 20  6  2  2  3  3  3  9  3  3  3 11 10  2  3  3  4
  5  2  3  3  3  3  2  2  3 13  3  2  2  3  3  3  4  2  3  3  3  3  2  9  3  3  3 13  2 18  6  2  2  3  2  3  9  2 13  3  3  2  2  3  3  4
  4  2  2  3  3  3  2  2  4  3  4  2  2  3  3  3  2  2  3  3  3  3  2  7 32  3  3  4  2  3 18  2  2  3  3  9  2  2  3  3  3  2  2  3  3  4
  5  1  2  3  4  4  2  2  2  3  3  2  2  3  3  3  2  2  2  3  3  3 35 40 39  3  3  4  3 14  7  2  2  3  3  3  2  2  3  3  3  2  2  3  3  4
  1  1  2  3  3  3  2  2  3  3  4  2  2  3  3  3  2  2  3  3  3 30 24 40 41 42  7  2 19  4  4  2  3  3  3  3  2  2  3  4  4  2  2  3  3  4
  1  1  2  3  3  3  9  2  3  3  3  2  2  3  3  3  2  2  3  3 27 30 11 32 36 38 41 12  9 13  4  2  2  3  3  3  2  2  3  3  4  2  2  3  3  4
  1  1  1  3  3 36 35  3  3  3  5  2  2  3  3  3  2  2  3 36 36 35 23 24 41 40 41 35 12  8  4 16  2  3  3  5  2  2  2 10  5  2  2  3  3  4
  1  1  2  3  2 23 23  3  4  3  3  2  2  3  3  3  2  2  1  8 20 17 18 18 18 27 21 14  9  8  4  4  3  3  3  5  2  2  2  4  4  2  2  3  3  5
  3 12 13 23 35 35 35 35 23 10 10 11 11 12 18 30 43 51 51 49 51 46 43 42 32 33 31 32 31 25 21 25 14 10  7  8  8  6 15  4  5  2  2  3  6  4
  5  3 14  4  4  4  2  2  3  3  3  2  2  1  2  9 12 46 45 46 45 22 41 40 41 38 42 46 42 42  7  7  3  7  5  5  2  3  3  4  4  5  9  3  3  4
  4  2  3  4  4  4  2  2  3  3  5  2  2  1  6  7 48 51 47 46 47 46 44 42 44 47 47 47 34 42 40  5  5  9  7  5  2  2  3  3  6  2  2  3  3  4
  5  2  3  4  5  5  2  2  3  4  3  2  2  3  3 48 48 48 41 41 42 41 41 42 41 47 47 46 47 42 42 37  2  3  3  9  2  2  3  3  5  3  2  3  4  5
  6  2  2  3  4  4  2  2  2  3  3  2  2  3 47 42 48 43 49 42 45 45 41 46 48 47 47 47 47 47 25 13 43  3  8  3  2  2  3  4  3  2  2  3  3  4
  9  2  3  1  4  5  3  5  2  4  3  2  2 49 43 48 48 48 48 49 44 48 45 46 49 47 47 47 48 24 31 41 39 41  2  5  2  3  2  4  4  2  2  4  3  4
  7  2  3  3  3  4  3  3  3  4  3  2 49 50 49 41 48 46 48 42 43 49 46 46 46 47 48 48 48 42 26 41 40 41 44  4  2 12  3  3  4  2  2  2  3  4
  5  4 17  4  4  5  4 13  4  4  6 48 47 44 45 47 47 48 47 47 42 39 47 48 46 47 44 42 25 37 42 25 28 37 30 14  3  3  3  3  3  4  2  2  4  5
  3  3  8  4  3  3  3  3  3  3 45 47 49 44 47 45 40 49 47 49 49 49 42 46 42 45 45 45 21 28 21 43 40 43 35 38 25 18  4  4  5  2  2  3  5  4
  2 13 18 25 24 26 30 30 31 27 26 39 38 39 39 39 39 46 53 52 53 48 43 43 42 39 32 27 30 28 34 26 40 32 29 16 14 15 30  4  4  3  3  3  3  5
  3  3  2  7 10 11 13 13 42 45 47 49 49 46 42 47 48 47 47 53 54 55 38 42 45 45 43 44 26 25 20 48 48 48 37 37 43 36 15  3  3  2  2  3  4  4
  4  3  2 21 23 24 30 40 41 27 47 46 47 44 46 44 42 44 48 44 48 44 49 44 46 40 48 18 25 39 31 48 40 48 30 39 34 37 39  3  3  4  4  4  3  4
  4  2  2  3  4  4  4  4 43 44 46 48 49 49 41 48 48 49 48 51 32 48 48 47 46 49 50 47 20 22 48 48 42 48 48 34 39 43 41  4  4  3  3  3  3  4
  5  2  3  3  3  4  3  4  3 44 44 31 49 48 42 48 48 29 49 46 44 49 47 48 45 48 44 48 43 11 10 48 40 48 36 42 36  9  3  3  4  3  3  3  3  4
  6  2  2  3  3  3  8  2  3  3 44 49 48 48 49 48 43 48 27 35 29 46 45 48 44 49 43 49 44 16 16 10 48 43 42 42 42  2  3  3  4  4  2  2  3  4
 10  2  2  3  4  5  3  4  3  5  6 48 46 47 48 47 48 44 27 28 45 49 40 48 50 48 38 44 43 11 18 11 14 42 42 44  2  3  3  3  4  3  3  3  3  4
  6  2  3  3  4  4  3  3  3  2  9 11 50 48 50 48 37 47 47 47 47 48 48 41 50 44 45 43 43 43 35 16 16 42 48  5  3  3  3  4  5  3  4  3  3  5
  4  8  8  9  9  9  9 10 11 16 28 33 36 38 36 39 39 47 51 49 48 48 41 38 36 38 37 33 31 32 21 25 21 21 19 13  7  5  2  3  5  2  2  3  5  4
  3  3  3  3  4  4  2  3  3  3  3  2  2 45 42 47 45 47 41 48 47 46 48 46 47 46 47 46 40 45 40 15  9 22  3  5  2  2  2 10 11  2  3  3  3  4
  2  9  3  3  4  5  6  6  4  3  5  2  2  3 45 46 45 47 48 47 48 47 48 45 44 45 44 43 44 38 36  8  3  3  3  5  2  2  3  4  4  2  2  3  3  4
  3  2  2  2  3 14  2  2  3  3  3  2  2  3  3 48 44 42 43 42 47 43 48 43 48 43 47 44 43 30 40 37  2  3  3  3  2  2  3  3  6  2  2  3  3  4
  4  2  2  3 10  9  2 11  3  4  4  2  2  2  3  3 31 43 41 33 23 32 31 42 33 36 43 30 33 23  2  2  2  3  3  3  2  2  3  3  3  2  2  3  3  4
  4  2  2  1  2  6  2  3  3  3  4  2  2  3  3  3  2 46 42 42 30 32 27 41 28 41 23 21 15 34  3  2  2  3  3  3  2  2  3  3  3  2  2  3  3  4
  5  2  3  3  2  3  2  3  3  4  3  4  2  3  3  3  2  2 41 40 25 40 33 35 40 35 40 14 29  3  3  2  2  3  3  3  2  2  3  3  3  2  2  3  3  4
  6  2  2  3  3  3  2  2  2  3  4  2  2  3  3  3  2  2  3 35 41 38 38 28 28 33 36 46  3  3  3  2  2  3  3  3  2  2  3  3  3  2  2  3  3  4
  5  2  2  3  2  3  3  9  3  3  4  2  3  2  4  3  2  2  3  3 45 38 44 40 44 38 41  2  3  3  3  2  2  3  3  3  2  2  3  3  3  2  2  3  3  4
  5  1  2  1  2  2  2  2  2  3  4  2  2  3  4  3  2  2  3  3  3 40 40 30 42 39  2  2  3  3  3  2  2  3  3  3  2  2  3  3  3  2  2  3  3  4
  1  1  2  3 20  4  2  3  3  3  3  2 10  3  3  3  2  2  3  3  3  3 44 44 44  2  2  2  3  3  3  2  2  3  3 11  2  2  3  3  3  2  2  3  3  4
  2  2  2  3 14  7  2  2  3  3 11 10 15  4  4  4  2  2  3  3  3  3 38 44  3  7  2  2  3  3  3  2  2  3  2  2  2  2  3  3  2  2  2  3  3  4
  2  1  2  3  4 14 19  2  3  2  3  2  2  4  4  4  2  2  3  3  3  3  2 30  3  2  2  2  3  3  3  2  2  1 10  3  2  2  1  3  3  2  2  3  3  4
  3  2  2  3  3  4  2  3  3  2  2  2  2  3  4  4  2  2  3  3  3  2  2 19  3  3  2  2  3  3  3  2  2 12  3  3  2  2  4  3  3  2  2  4  3  4
  4  2  2  3  3  3  8  2  3  3  3  2  2  3  3  4  2  2  3  3  3  2  2 15  3  3  2  2  3  3  3  2  2  3  3  3  2  2  3  3  3  2  2  3  3  4
  3  2  2  3  4  4  2  3  3  2  2  2  2  3  3  4  2  2  3  3  3  3  2  1  3  2  2  2  3  3  3  2  2  3  3  3  2  2  3  3  3  2  2  3  3  4
